# Trouble in Terrorist Town weapon/ammo placement overrides
# For map: dm_island18b3
# Exported by: LeetPete
setting:	replacespawns 0
weapon_zm_pistol	-1276.6031 720.5643 -480.7046	1.401 -24.392 -88.354
weapon_zm_pistol	-2556.9912 -1192.1923 -459.1452	-7.287 43.045 95.142
weapon_zm_pistol	-1533.9465 -693.6965 -183.7917	-0.054 36.209 89.356
weapon_zm_pistol	-2004.2770 1681.7979 -486.4757	-6.909 -39.260 -94.572
weapon_zm_pistol	-2032.5948 1683.2175 -487.8763	-6.666 -38.374 -95.023
weapon_zm_pistol	-2040.8510 1685.8280 -488.8518	-14.217 -33.959 -93.431
weapon_zm_pistol	-1427.2867 994.3025 -255.9563	-4.893 36.502 95.522
weapon_zm_pistol	-2056.3071 1003.1016 -157.8595	0.107 37.155 89.629
item_ammo_pistol_ttt	-2067.0637 1106.7821 -239.5097	1.604 -1.429 -0.465
item_ammo_pistol_ttt	-2046.2727 918.0013 -87.0976	-66.514 -178.811 -128.606
item_ammo_pistol_ttt	-711.4372 -1354.4182 -332.5103	-0.138 -0.019 -0.040
item_ammo_pistol_ttt	-723.9353 -1357.9071 -332.4482	-0.084 -0.020 -0.025
item_ammo_pistol_ttt	-1572.0376 -785.1926 -319.5359	0.051 -0.726 0.002
item_ammo_pistol_ttt	-1596.6833 -777.7390 -319.5611	-0.179 -1.527 -0.001
item_ammo_pistol_ttt	-2300.9761 1682.3505 -490.5320	2.362 0.295 -8.810
item_ammo_pistol_ttt	-2315.5923 1668.8715 -487.6546	2.713 0.226 -8.776
item_ammo_pistol_ttt	-2328.1519 1657.3701 -485.2488	2.128 0.351 -8.832
item_ammo_pistol_ttt	-2339.6592 1646.8022 -482.9734	4.261 -1.740 -9.160
item_ammo_pistol_ttt	-2349.9456 1636.8063 -481.9757	-1.276 0.013 -6.224
item_ammo_pistol_ttt	-2359.1729 1627.8750 -481.3318	-1.213 0.005 -6.238
item_ammo_pistol_ttt	-2294.4895 1660.0286 -487.4188	2.660 0.235 -8.781
item_ammo_pistol_ttt	-2311.0740 1644.2509 -484.1187	2.414 0.283 -8.805
item_ammo_pistol_ttt	-2321.9001 1632.4427 -481.7452	2.041 0.391 -8.840
item_ammo_pistol_ttt	-2333.3752 1620.0554 -479.6406	-0.952 -0.056 -6.433
item_ammo_pistol_ttt	-2342.9907 1610.9446 -478.9921	-1.267 0.012 -6.226
item_ammo_pistol_ttt	-1427.7999 984.4796 -257.2460	-0.194 -1.221 8.537
item_ammo_pistol_ttt	204.4016 1078.3964 -183.7210	-7.464 2.168 3.286
item_ammo_pistol_ttt	210.6074 1066.5298 -183.6505	-7.046 -9.662 4.645
item_ammo_pistol_ttt	-2320.4814 970.3465 -275.8203	-1.573 -0.159 0.056
item_ammo_pistol_ttt	-2306.3755 973.6809 -275.4443	-1.552 -0.162 0.054
item_ammo_pistol_ttt	-359.3222 1668.6110 71.1972	0.240 -1.334 -16.429
item_ammo_pistol_ttt	-362.6266 1692.0162 64.3039	-2.412 -8.806 -16.322
item_ammo_pistol_ttt	-359.2187 1735.7087 64.4810	-4.304 -17.312 168.256
item_ammo_pistol_ttt	-1510.9382 111.3911 -312.0271	-43.888 -5.263 7.047
item_ammo_pistol_ttt	-1522.3472 108.7794 -314.2029	-10.764 -0.878 8.818
item_ammo_pistol_ttt	-1541.7596 105.6338 -315.0107	-77.237 -137.867 140.112
item_ammo_pistol_ttt	-2208.2041 152.7332 -446.5412	-3.525 0.386 2.045
item_ammo_pistol_ttt	-2214.7068 139.8283 -446.8296	-2.109 -0.327 -3.544
item_ammo_pistol_ttt	-2221.2644 150.0544 -447.3652	0.606 -0.245 -1.911
item_ammo_pistol_ttt	-1583.4877 -774.4037 -317.4847	-46.068 -1.865 0.060
item_ammo_pistol_ttt	-17.2937 71.7753 32.3708	-0.112 -0.019 -0.034
item_ammo_pistol_ttt	-18.5769 93.6713 32.4041	-0.083 -0.020 -0.025
item_ammo_pistol_ttt	-18.0216 112.4590 32.3818	-0.102 -0.020 -0.031
item_ammo_pistol_ttt	-67.3532 83.9749 800.3802	0.023 0.031 0.003
item_ammo_pistol_ttt	-56.7730 79.4703 800.4234	0.015 0.031 0.002
item_ammo_pistol_ttt	-51.8331 100.5888 800.3588	0.028 0.031 0.004
item_ammo_pistol_ttt	-1120.2471 885.1278 -63.6033	-0.089 -0.020 -0.027
item_ammo_pistol_ttt	-1132.9956 884.6188 -63.5864	-0.074 -0.020 -0.023
item_ammo_pistol_ttt	-1137.6887 902.9629 -63.5690	-0.557 0.499 -0.622
item_ammo_pistol_ttt	283.7265 1791.0673 3.8581	74.117 -135.773 -141.444
item_ammo_pistol_ttt	307.4295 1795.1609 -2.2162	80.005 -157.043 -154.149
item_ammo_pistol_ttt	303.9034 1801.0244 -4.7601	10.122 -3.730 -2.909
item_ammo_pistol_ttt	-2339.6399 -1347.5668 -470.9995	-5.660 0.485 3.962
item_ammo_pistol_ttt	-2346.7498 -1360.2336 -472.4336	-4.846 -1.921 4.164
item_ammo_pistol_ttt	-2353.6709 -1377.7443 -474.2084	-4.511 -0.033 4.006
item_ammo_pistol_ttt	-1815.0179 767.1151 -239.6642	-0.142 -0.019 -0.043
item_ammo_pistol_ttt	-1807.0349 785.4250 -239.5397	0.066 -0.038 -0.010
item_ammo_pistol_ttt	-1785.5967 761.3206 -239.5429	-0.456 0.141 -0.392
weapon_zm_revolver	-1303.5640 -600.7318 -318.1103	1.730 0.522 -86.264
weapon_zm_revolver	-1470.7590 -748.1072 62.8812	-13.856 -58.384 -58.666
weapon_zm_revolver	703.9788 -146.7646 -2.0772	2.525 -20.545 -83.825
weapon_zm_revolver	-1058.1830 858.9857 193.9171	2.540 -20.536 -83.681
weapon_zm_revolver	-793.2153 347.2942 -291.9059	-0.131 -21.077 -81.105
ttt_random_weapon	-1308.1266 -470.4161 -182.7854	1.711 4.769 -92.973
ttt_random_weapon	-268.2223 -151.5698 25.2001	1.874 4.930 -92.601
ttt_random_weapon	-229.8240 -66.0936 25.2063	1.805 4.928 -92.758
ttt_random_weapon	-2355.9009 -385.1373 -448.0808	-0.411 -1.554 -92.726
ttt_random_weapon	-2389.8572 -380.0719 -448.9626	0.311 3.980 -92.604
ttt_random_weapon	175.4577 155.7994 -480.7833	1.687 4.924 -93.029
ttt_random_weapon	-1308.1266 -470.4161 -182.7854	1.711 4.769 -92.973
ttt_random_weapon	-268.2223 -151.5698 25.2001	1.874 4.930 -92.601
ttt_random_weapon	-229.8240 -66.0936 25.2063	1.805 4.928 -92.758
ttt_random_weapon	-2355.9009 -385.1373 -448.0808	-0.411 -1.554 -92.726
ttt_random_weapon	-2389.8572 -380.0719 -448.9626	0.311 3.980 -92.604
ttt_random_weapon	175.4577 155.7994 -480.7833	1.687 4.924 -93.029
item_ammo_smg1_ttt	-1293.9237 716.9412 -481.2211	1.472 0.258 0.054
item_ammo_smg1_ttt	-1294.7791 741.1507 -481.1758	2.417 -0.137 -4.754
item_ammo_smg1_ttt	-2543.9841 -1200.8451 -460.1805	-1.001 -1.359 9.616
item_ammo_smg1_ttt	-2528.8240 -1214.1832 -462.2445	-1.098 0.759 9.693
item_ammo_smg1_ttt	-2063.4109 222.1979 -319.5948	0.015 0.038 -0.007
item_ammo_smg1_ttt	-2064.6138 181.8589 -319.4974	-0.803 0.012 -0.596
item_ammo_smg1_ttt	107.6828 -29.5924 800.5248	-0.210 0.016 -0.182
item_ammo_smg1_ttt	112.1956 -3.3503 800.4112	0.269 -0.005 0.169
item_ammo_smg1_ttt	242.8961 12.7806 42.1627	-0.136 -0.102 8.601
weapon_zm_shotgun	-1522.1785 70.1767 -319.1483	-12.718 21.307 91.255
weapon_zm_shotgun	473.0711 71.8430 32.9333	-0.385 3.359 -84.006
weapon_zm_shotgun	-1561.5198 -771.6678 8.8215	29.797 176.675 82.937
weapon_zm_shotgun	-3.2508 -50.6498 801.2645	-0.235 8.297 83.599
weapon_zm_shotgun	-59.4971 18.8166 801.2733	-0.335 8.302 84.069
weapon_zm_shotgun	920.6760 -107.6643 -275.0673	-0.834 10.166 92.122
weapon_zm_shotgun	-1891.5302 1209.8473 -489.6656	-2.484 17.494 87.894
weapon_ttt_m16	485.4856 951.0511 -158.5431	0.101 -5.857 -80.898
weapon_ttt_m16	-1965.6189 948.0262 -53.5711	-20.828 5.498 -86.978
weapon_ttt_m16	-736.2218 -1371.6735 -331.6976	2.099 -8.320 84.233
weapon_ttt_m16	-2447.6340 1294.9150 -404.1648	-2.027 8.758 -89.079
weapon_ttt_m16	193.8870 1022.3679 -186.5852	-3.689 -19.413 -79.744
weapon_ttt_m16	-2298.2078 948.1579 -274.5531	0.353 -7.088 84.831
weapon_zm_molotov	-2469.7048 1534.7766 -473.7801	81.751 -30.870 -137.408
weapon_zm_molotov	-2489.4092 1536.5740 -474.9650	14.743 -11.024 -97.936
weapon_zm_molotov	-2484.5171 1521.0374 -473.1817	11.701 -10.454 -97.263
weapon_zm_molotov	-2048.8022 48.4952 -315.4423	3.517 -0.116 -3.633
item_box_buckshot_ttt	-1454.8662 956.7070 -79.5947	-0.080 -0.085 -0.045
item_box_buckshot_ttt	-1274.8638 1351.5979 -313.5420	-58.578 15.981 179.629
item_box_buckshot_ttt	-1495.6233 54.2414 -318.5928	-0.776 -0.315 5.040
item_box_buckshot_ttt	-1512.7228 56.0690 -320.6123	-10.112 0.142 8.290
item_box_buckshot_ttt	588.2734 38.2300 32.4101	-0.805 -0.006 0.715
item_box_buckshot_ttt	564.5852 31.8804 32.4494	-0.496 -0.007 0.441
item_box_buckshot_ttt	10.5476 -84.5534 800.4178	-0.747 -0.006 0.663
item_box_buckshot_ttt	-2.3426 -77.8180 800.4153	-0.837 -0.016 0.670
item_box_buckshot_ttt	-55.0687 -2.9334 800.3945	-0.034 -0.018 -0.124
item_box_buckshot_ttt	-39.6282 1.9693 800.3994	-0.017 -0.054 -0.008
item_box_buckshot_ttt	-1912.5959 1208.9119 -489.3293	84.483 4.748 47.305
item_box_buckshot_ttt	-1915.8324 1201.9851 -489.2723	-3.411 1.408 89.526
weapon_zm_sledge	-943.1685 323.8457 67.9650	-0.348 -10.737 -135.483
weapon_zm_sledge	-1389.2609 -619.6125 -315.6177	18.446 1.797 2.054
weapon_zm_sledge	-898.5948 -1060.1066 -458.9779	23.042 2.755 8.531
weapon_ttt_glock	-698.7776 -1364.7058 -332.3414	-0.971 26.377 92.103
weapon_ttt_glock	-351.9703 1686.6727 66.9029	-10.439 -36.403 -103.938
weapon_ttt_glock	-1980.0018 1677.0732 -482.7693	29.863 0.363 6.925
weapon_ttt_glock	-2044.9871 1688.2472 -486.8929	30.765 5.499 3.748
weapon_ttt_glock	-1509.8041 102.9291 -314.6459	-4.161 26.054 94.701
weapon_ttt_glock	-2210.6296 162.1171 -447.6153	-1.079 26.618 90.687
weapon_ttt_glock	-1579.4418 -779.4716 -317.1178	22.876 72.350 46.191
weapon_ttt_glock	-14.8859 54.3950 32.5046	-1.145 32.608 91.825
weapon_ttt_glock	-65.9708 62.1419 800.4909	-1.148 26.634 92.373
weapon_ttt_glock	-1110.9847 884.3815 -63.4700	-0.838 26.423 91.636
weapon_ttt_glock	284.7967 1786.7529 0.8771	8.078 -33.954 -100.207
weapon_ttt_glock	-2334.1812 -1371.3773 -471.9352	-7.737 27.227 91.982
weapon_ttt_glock	-1799.1411 777.0795 -239.4849	-0.935 26.400 91.976
ttt_random_ammo	-258.9844 -117.3318 24.4403	1.091 -0.028 -1.315
ttt_random_ammo	-249.4016 -108.5107 24.3917	0.610 -0.005 -0.688
ttt_random_ammo	-239.8347 -104.9361 24.3175	0.047 -0.000 0.035
ttt_random_ammo	-241.6664 -93.0237 24.3575	0.060 -0.000 -0.001
ttt_random_ammo	183.3647 173.7908 -481.6696	0.046 0.000 -0.029
ttt_random_ammo	196.8555 168.1506 -481.5531	-1.596 0.043 -1.940
ttt_random_ammo	-258.9844 -117.3318 24.4403	1.091 -0.028 -1.315
ttt_random_ammo	-249.4016 -108.5107 24.3917	0.610 -0.005 -0.688
ttt_random_ammo	-239.8347 -104.9361 24.3175	0.047 -0.000 0.035
ttt_random_ammo	-241.6664 -93.0237 24.3575	0.060 -0.000 -0.001
ttt_random_ammo	183.3647 173.7908 -481.6696	0.046 0.000 -0.029
ttt_random_ammo	196.8555 168.1506 -481.5531	-1.596 0.043 -1.940
weapon_zm_mac10	-2048.5696 1107.1449 -239.1543	-0.521 15.008 87.814
weapon_zm_mac10	-2038.1725 222.0196 -318.7390	-0.166 -37.542 -88.550
weapon_zm_mac10	128.6247 1.3444 801.2653	-0.081 -37.567 -88.538
weapon_zm_mac10	-2547.7200 -1247.1970 -467.8891	-6.969 38.206 94.202
weapon_zm_mac10	245.8104 55.5505 46.8504	7.346 -40.910 -94.954
weapon_zm_mac10	-1286.0112 735.7285 -481.0657	1.443 2.172 87.257
item_ammo_357_ttt	-66.9270 1511.3512 86.4278	-4.584 2.370 -3.784
item_ammo_357_ttt	878.3480 -114.8842 -273.1576	-4.712 -1.990 86.147
item_ammo_357_ttt	888.2531 -100.4184 -273.4311	-5.179 -7.330 86.614
item_ammo_357_ttt	-1256.7358 821.7754 72.3136	0.583 0.133 0.202
item_ammo_357_ttt	-61.3866 1522.4342 86.2463	-4.457 -0.094 -3.578
item_ammo_357_ttt	177.4861 130.5443 800.4232	0.512 -0.507 0.051
item_ammo_357_ttt	-1513.8492 -670.3619 -183.6738	0.450 0.070 0.057
item_ammo_357_ttt	-12.8333 134.1597 928.3553	0.455 0.060 0.046
item_ammo_357_ttt	-22.8123 135.5296 928.3239	0.449 0.069 0.059
item_ammo_357_ttt	119.1965 197.5568 928.3994	0.464 0.055 0.028
item_ammo_357_ttt	104.4108 195.5636 928.4394	0.472 0.054 0.012
item_ammo_357_ttt	-2436.1763 -1298.0557 -474.9850	-3.229 1.424 9.342
item_ammo_357_ttt	-2424.6472 -1305.1273 -474.9257	-4.475 -0.068 3.914
item_ammo_357_ttt	-1240.4022 823.0468 72.3571	0.456 0.062 0.045
item_ammo_357_ttt	-2058.7637 989.2117 -157.7911	0.462 0.147 -0.041
item_ammo_357_ttt	-2057.3774 1018.2307 -157.8359	0.462 -0.052 -0.045
item_ammo_revolver_ttt	-1519.8196 -756.1264 38.3681	-18.738 -150.903 -159.985
item_ammo_revolver_ttt	-1510.9811 -758.9036 43.5517	-21.051 -144.531 -155.933
item_ammo_revolver_ttt	726.5857 -141.2119 -3.6481	0.455 0.062 0.047
item_ammo_revolver_ttt	721.4819 -153.2411 -3.6654	0.452 0.066 0.053
item_ammo_revolver_ttt	-1062.2421 847.5983 192.3654	0.458 0.060 0.041
item_ammo_revolver_ttt	-1065.9663 864.1086 192.3759	0.460 0.058 0.037
item_ammo_revolver_ttt	-793.2930 335.4067 -293.7534	-3.109 0.217 1.526
item_ammo_revolver_ttt	-1308.6682 -596.4138 -319.6021	0.638 -0.160 0.235
item_ammo_revolver_ttt	-1318.0087 -604.2528 -314.3566	-43.211 -144.369 179.958
weapon_zm_rifle	-1258.0651 810.9120 73.3685	6.231 3.481 -0.709
weapon_zm_rifle	-35.7378 116.7598 929.3401	3.391 9.054 64.693
weapon_zm_rifle	-1495.6925 -689.0297 -182.6017	3.299 7.467 65.607
weapon_zm_rifle	98.3176 210.3843 929.3576	3.280 13.180 65.088
weapon_zm_rifle	-2428.0032 -1323.7900 -475.5189	-1.503 5.225 68.954
weapon_zm_rifle	-101.0635 1525.1902 83.4546	-5.127 -5.402 -91.971
weapon_ttt_smokegrenade	-1144.7239 1036.6573 196.5049	0.330 0.002 0.070
weapon_ttt_smokegrenade	-1126.8627 1039.5510 196.5334	1.994 0.003 -1.827
weapon_ttt_smokegrenade	-2159.9268 159.6542 -441.7336	-3.481 -1.916 -4.799
weapon_ttt_smokegrenade	-2167.7437 139.6886 -440.7941	-2.737 2.372 -5.010
weapon_ttt_smokegrenade	-2176.4868 152.9574 -441.9889	-2.853 2.316 -5.285
weapon_ttt_smokegrenade	-2185.1792 137.9241 -441.3601	-2.539 2.420 -4.530
weapon_ttt_smokegrenade	-2165.1577 125.7617 -439.8343	-2.764 2.357 -5.074
weapon_ttt_smokegrenade	-2150.6411 139.7295 -440.2249	-3.605 -1.885 -4.871
weapon_ttt_confgrenade	799.6451 0.2133 -0.4877	2.163 0.246 -0.644
weapon_ttt_confgrenade	-2546.7588 1481.7777 -469.9467	-23.310 32.053 -110.965
weapon_ttt_confgrenade	-2553.4927 1491.1423 -470.8719	-16.286 17.421 -98.438
weapon_ttt_confgrenade	-2557.6609 1504.1456 -472.1343	-10.151 31.559 -96.957
weapon_ttt_confgrenade	178.4132 53.0165 803.5616	1.043 0.135 -0.266
weapon_ttt_confgrenade	162.3846 47.7755 803.5273	1.455 0.147 -0.372
weapon_ttt_confgrenade	156.2629 58.1885 803.5548	1.125 0.135 -0.287
