# Trouble in Terrorist Town weapon/ammo placement overrides
# For map: ttt_canyon_a4
# Exported by: LeetPete
setting:	replacespawns 0
weapon_zm_pistol	-1470.9723 -2173.8860 704.2453	-0.586 35.369 88.717
weapon_zm_pistol	-2617.0916 -975.9743 448.3282	0.373 36.883 88.500
weapon_zm_pistol	41.4447 74.8880 1153.5433	0.236 0.220 -88.877
weapon_zm_pistol	-1274.4843 986.2986 1536.2679	-0.154 36.021 87.937
weapon_zm_pistol	-1617.9009 1002.8647 704.3320	0.345 36.881 88.598
weapon_zm_pistol	-1649.2380 953.4203 944.3666	0.106 36.798 89.463
item_ammo_pistol_ttt	-839.7584 -1730.3062 448.3565	-0.124 -0.019 -0.038
item_ammo_pistol_ttt	-845.9303 -1743.0647 448.4544	-0.449 0.278 -0.427
item_ammo_pistol_ttt	-851.9780 -1741.0840 448.4199	-0.051 0.001 0.005
item_ammo_pistol_ttt	-542.4478 -2035.0880 704.4404	-0.700 0.103 -0.601
item_ammo_pistol_ttt	-549.7368 -2031.6394 704.3782	-0.105 -0.019 -0.032
item_ammo_pistol_ttt	-559.2086 -2029.6648 704.3688	-0.114 -0.019 -0.034
item_ammo_pistol_ttt	-1493.7211 -2254.7634 704.3499	-0.130 -0.019 -0.039
item_ammo_pistol_ttt	-1476.8505 -2229.6851 704.4012	-0.085 -0.020 -0.026
item_ammo_pistol_ttt	-1455.9431 -2220.4666 704.4349	-0.464 0.188 -0.551
item_ammo_pistol_ttt	-2585.6296 -1006.0229 448.4027	-0.084 -0.020 -0.025
item_ammo_pistol_ttt	-2597.0557 -1000.4038 448.3708	-0.112 -0.020 -0.034
item_ammo_pistol_ttt	-2612.7122 -994.3274 448.3307	-0.147 -0.018 -0.044
item_ammo_pistol_ttt	-4562.6870 -986.3737 704.3967	-0.089 -0.020 -0.027
item_ammo_pistol_ttt	-4548.3154 -990.9578 704.4032	0.451 -0.120 0.079
item_ammo_pistol_ttt	-4542.2988 -1004.5433 704.4018	-0.215 -0.177 -0.372
item_ammo_pistol_ttt	-1798.0637 1312.7433 1152.3688	0.114 0.020 -0.034
item_ammo_pistol_ttt	-1779.9675 1299.5111 1152.3982	0.088 0.020 -0.027
item_ammo_pistol_ttt	-1767.8929 1295.1943 1152.3853	0.099 0.020 -0.030
item_ammo_pistol_ttt	17.3529 48.4922 1152.4556	-0.038 -0.020 -0.011
item_ammo_pistol_ttt	-11.6607 59.2116 1152.3647	-0.117 -0.019 -0.035
item_ammo_pistol_ttt	-17.7734 56.7872 1152.4351	-0.700 0.052 -0.628
item_ammo_pistol_ttt	-1284.6954 980.7485 1536.4160	-0.485 -0.019 0.121
item_ammo_pistol_ttt	-1290.7305 967.6015 1536.4442	0.236 0.414 -0.431
item_ammo_pistol_ttt	-262.8254 -11.6546 704.3688	-0.114 -0.020 -0.034
item_ammo_pistol_ttt	-266.7138 9.6146 704.4534	0.227 0.006 0.060
item_ammo_pistol_ttt	-260.5960 9.4341 704.4515	-0.132 0.015 -0.211
item_ammo_pistol_ttt	-232.0315 -232.6911 1152.3745	-0.109 -0.019 -0.033
item_ammo_pistol_ttt	-231.8950 -251.0822 1152.4648	-0.285 0.147 -0.311
item_ammo_pistol_ttt	-234.7385 -269.4760 1152.4341	-0.374 0.787 -0.542
item_ammo_pistol_ttt	-1597.8032 999.9916 704.3709	0.025 0.031 0.004
item_ammo_pistol_ttt	-1604.4124 994.9579 704.3969	0.020 0.031 0.003
item_ammo_pistol_ttt	-1610.4225 985.9434 704.4003	0.461 0.015 -0.096
item_ammo_pistol_ttt	-1691.3253 920.6332 944.4503	-0.174 0.108 0.085
item_ammo_pistol_ttt	-1685.2560 933.3842 944.4694	-0.075 0.853 -0.008
item_ammo_pistol_ttt	-1675.9866 946.6196 945.6044	-19.029 0.291 -1.866
item_ammo_pistol_ttt	449.2201 1118.7506 1152.3607	-0.121 -0.019 -0.036
item_ammo_pistol_ttt	423.5642 1096.3121 1152.3542	-0.126 -0.019 -0.038
item_ammo_pistol_ttt	417.4329 1079.1901 1152.4515	-0.381 0.255 -0.421
item_ammo_pistol_ttt	-1011.4592 -1714.6057 578.7339	-0.280 7.397 14.684
item_ammo_pistol_ttt	-1035.0938 -1712.9397 576.3203	-0.156 -0.017 -0.047
weapon_zm_revolver	-1493.4856 -2037.1740 449.8434	2.130 -18.866 -83.735
weapon_zm_revolver	-3770.0264 -982.4495 705.8829	2.472 -20.316 -83.075
weapon_zm_revolver	17.7363 472.2457 705.9076	2.604 -19.636 -83.350
weapon_zm_revolver	-263.1814 1367.1459 1595.5667	0.586 -21.326 -85.004
weapon_zm_revolver	-86.3953 -2272.5684 577.8433	2.130 -18.866 -83.735
item_ammo_smg1_ttt	-1481.5270 -2268.6511 448.4223	0.473 -0.004 0.306
item_ammo_smg1_ttt	-1459.1260 -2242.1287 449.4783	10.571 -0.441 -0.189
item_ammo_smg1_ttt	-897.2850 -2505.9807 705.9512	-15.145 -0.685 0.458
item_ammo_smg1_ttt	-883.8375 -2505.6201 705.7480	4.928 0.155 -5.237
item_ammo_smg1_ttt	-2969.8501 835.8590 706.0419	-16.288 -0.441 0.074
item_ammo_smg1_ttt	-2990.1160 821.3287 704.4223	0.472 -0.004 0.305
item_ammo_smg1_ttt	-262.9275 -257.5821 704.5118	-0.825 0.038 -0.198
item_ammo_smg1_ttt	-280.9824 -253.1724 704.4808	0.214 0.001 0.022
item_ammo_smg1_ttt	-1484.3470 865.5527 704.5498	-0.154 0.014 -0.011
item_ammo_smg1_ttt	-1495.8098 841.3392 704.4326	0.841 -0.001 0.552
weapon_zm_shotgun	-864.7892 -1593.2186 450.4112	9.437 -0.162 -0.381
weapon_ttt_m16	-1458.9758 -2233.0608 705.1769	2.240 -8.489 84.453
weapon_ttt_m16	-51.7593 31.3911 1153.1670	2.349 -6.062 84.313
weapon_ttt_m16	-294.7267 -11.3438 705.0887	1.872 -7.721 84.115
weapon_ttt_m16	-1665.6622 939.0414 944.8915	-0.413 -1.198 82.980
weapon_ttt_m16	449.4893 1093.3877 1153.1630	2.036 -7.601 84.346
weapon_ttt_m16	-1020.3293 -1704.7112 577.1373	1.967 -7.835 84.453
weapon_zm_molotov	-2.8567 32.3284 708.6082	2.091 -0.121 -2.147
weapon_zm_molotov	-46.3645 108.1916 708.5963	2.434 -0.125 -2.505
weapon_zm_molotov	-44.3366 71.3291 708.5142	0.347 0.002 -0.022
weapon_zm_molotov	-1658.3715 966.1393 948.6036	2.220 -0.126 -2.280
weapon_zm_molotov	-1524.2555 1097.7961 945.6078	0.618 48.148 89.777
weapon_zm_molotov	-99.5923 -2346.3884 580.5396	0.239 -0.194 -0.047
weapon_zm_molotov	-108.9641 -2331.8523 580.5767	0.177 -0.219 -0.033
item_box_buckshot_ttt	-866.3308 -1607.8112 448.4308	-0.636 -0.007 0.564
item_box_buckshot_ttt	-848.6732 -1609.0271 448.3810	-0.170 0.001 0.219
item_box_buckshot_ttt	-856.1901 -1615.9071 448.4550	1.397 -0.094 -0.343
weapon_zm_sledge	-3167.2703 -327.1932 452.4131	18.440 0.270 2.895
weapon_zm_sledge	-1854.4984 1291.1586 1156.3438	18.159 0.669 1.961
weapon_zm_sledge	-103.7100 -2221.8977 452.3933	18.466 9.055 2.280
weapon_ttt_glock	-832.5828 -1749.1099 448.5271	-0.829 25.759 91.781
weapon_ttt_glock	-542.6741 -2022.6697 704.5311	-0.808 25.764 91.678
weapon_ttt_glock	-4569.1235 -999.1778 704.5291	-0.867 26.716 91.596
weapon_ttt_glock	-1784.9249 1317.2301 1152.4965	-1.142 26.452 92.167
weapon_ttt_glock	-246.7919 -246.7029 1152.5167	-0.884 25.728 92.046
weapon_ttt_glock	414.8942 1060.7106 1152.4432	-1.494 28.118 91.831
weapon_zm_mac10	-1479.6467 -2227.3535 449.4310	0.030 -43.412 -89.789
weapon_zm_mac10	-899.4022 -2510.5906 705.3871	-0.277 -42.686 -89.835
weapon_zm_mac10	-2972.6978 830.2444 705.2686	-0.239 -35.997 -88.875
weapon_zm_mac10	-260.4773 -237.0791 705.1942	-0.136 -34.429 -88.007
weapon_zm_mac10	-1481.2482 861.8400 705.2390	-0.117 -34.458 -88.349
item_ammo_357_ttt	-548.3036 -2092.5056 704.4031	-0.131 -0.693 -0.341
item_ammo_357_ttt	-558.6096 -2093.4041 704.4265	1.050 -0.459 -1.021
item_ammo_357_ttt	-4583.8530 -141.4960 704.3366	0.451 0.065 0.053
item_ammo_357_ttt	-4571.6143 -144.9516 704.3518	0.454 0.060 0.047
item_ammo_357_ttt	-1514.5194 632.4589 1544.3853	0.461 0.055 0.034
item_ammo_357_ttt	-1524.5864 628.9905 1544.3424	0.452 0.061 0.051
item_ammo_357_ttt	-465.4891 -476.8977 1152.3486	0.465 0.064 0.044
item_ammo_357_ttt	-459.0364 -473.4595 1152.3351	0.464 0.067 0.049
item_ammo_revolver_ttt	-1495.5433 -2050.1045 448.3391	0.464 0.067 0.048
item_ammo_revolver_ttt	-1480.8292 -2053.8083 448.3289	0.463 0.070 0.051
item_ammo_revolver_ttt	-1498.3311 -2062.1633 448.3673	0.467 0.060 0.037
item_ammo_revolver_ttt	-3782.0002 -988.7136 704.3481	0.454 0.062 0.049
item_ammo_revolver_ttt	-3778.9253 -972.2624 704.4179	0.467 0.054 0.021
item_ammo_revolver_ttt	-3766.9946 -970.8575 704.3729	0.459 0.057 0.039
item_ammo_revolver_ttt	-12.2224 485.1475 704.3500	0.454 0.061 0.049
item_ammo_revolver_ttt	9.9977 451.2166 704.4025	0.464 0.053 0.027
item_ammo_revolver_ttt	-6.0298 463.0096 704.3587	0.455 0.059 0.045
item_ammo_revolver_ttt	-264.6551 1363.1639 1595.0131	-15.961 4.620 -0.150
item_ammo_revolver_ttt	-272.2265 1362.5575 1594.1240	0.680 0.741 -0.001
item_ammo_revolver_ttt	-282.0768 1357.8107 1594.0824	0.447 0.073 0.063
item_ammo_revolver_ttt	-96.3065 -2289.9338 576.3748	0.468 0.059 0.035
item_ammo_revolver_ttt	-89.0298 -2310.1572 576.3289	0.464 0.070 0.051
weapon_zm_rifle	-549.3022 -2081.9478 705.3229	3.320 10.253 64.790
weapon_zm_rifle	-4580.3403 -173.1151 705.3455	3.271 13.164 64.938
weapon_zm_rifle	-1531.7323 647.4861 1545.3882	3.306 12.053 65.486
weapon_zm_rifle	-474.6565 -488.2216 1153.3690	3.322 11.534 65.225
weapon_zm_rifle	-621.0969 -2028.5371 449.3736	3.324 12.387 65.240
weapon_zm_rifle	-752.8793 -2028.5375 577.3644	3.331 12.783 65.216
weapon_ttt_smokegrenade	-567.6721 -2520.6387 708.5587	0.207 -0.209 -0.040
weapon_ttt_smokegrenade	-546.6066 -2503.6536 708.5436	0.232 -0.195 -0.046
weapon_ttt_smokegrenade	-1466.0262 -2506.0190 708.5457	0.229 -0.195 -0.045
weapon_ttt_smokegrenade	-1468.9910 -2494.0815 708.5605	0.204 -0.210 -0.039
weapon_ttt_confgrenade	-1951.3754 1176.7675 1155.5525	1.426 0.260 -0.594
weapon_ttt_confgrenade	-1941.8756 1195.0603 1155.5383	1.633 0.259 -0.680
weapon_ttt_confgrenade	-1935.8140 1179.3872 1155.5525	1.426 0.260 -0.594
